[array([[-2.26266822e-02],
       [ 1.40156446e-03],
       [ 1.87623148e-01],
       [ 6.45018036e-01],
       [ 3.35308857e-01],
       [ 3.81103267e-01],
       [ 1.86606990e-01],
       [-1.25153519e-02],
       [-5.27517119e-01],
       [-2.50945166e-01],
       [-3.58983970e-01],
       [-1.50159286e-01],
       [ 2.42367504e-01],
       [ 5.24566084e-01],
       [ 8.72511227e-01],
       [ 1.12504772e+00],
       [ 1.51622059e+00],
       [ 1.93487690e+00],
       [ 1.68261778e+00],
       [ 1.99908329e+00]]), array([[ 0.00703321],
       [-0.16069692],
       [ 0.33825662],
       [ 0.68356298],
       [ 1.02886935],
       [ 1.37417571],
       [ 1.71948208],
       [ 2.06478844],
       [ 2.41009481],
       [ 2.75540117],
       [ 3.19754977],
       [ 3.12599701],
       [ 3.74627821],
       [ 3.32480964],
       [ 3.90437169],
       [ 4.00809525],
       [ 4.47043234],
       [ 4.55356068],
       [ 5.10405467],
       [ 4.84209333]])]